11111111111111111111111111111111
1
11
10
111
1111
11111
111111
1111111
11111111
111111111
1111111111
11111111111
111111111111
1111111111111
11111111111111
111111111111111
1111111111111111

11111111111111111
111111111111111111
1111111111111111111
11111111111111111111
111111111111111111111
1111111111111111111111
11111111111111111111111
111111111111111111111111
1111111111111111111111111
11111111111111111111111111
111111111111111111111111111
1111111111111111111111111111
11111111111111111111111111111
111111111111111111111111111111
1111111111111111111111111111111
11111111111111111111111111111111
1000000000001110000111
1101111
0000000011111111111
-____01
1k7
1111
1111111111
1111111111111111111111111111111
101 1
11111111111111111111111111111111
1
k1
00 1

101010101010001010